image: map5.pgm
resolution: 0.0250000
origin: [0.00000, -5.000000, 0.000000]
negate: 0
occupied_thresh: 0.65
free_thresh: 0.196

